 0.00000000e+00  4.99998908e+00 
 1.00000000e-02  4.99998907e+00 
 2.00000000e-02  4.99998907e+00 
 3.00000000e-02  4.99998907e+00 
 4.00000000e-02  4.99998906e+00 
 5.00000000e-02  4.99998906e+00 
 6.00000000e-02  4.99998905e+00 
 7.00000000e-02  4.99998905e+00 
 8.00000000e-02  4.99998904e+00 
 9.00000000e-02  4.99998904e+00 
 1.00000000e-01  4.99998903e+00 
 1.10000000e-01  4.99998902e+00 
 1.20000000e-01  4.99998902e+00 
 1.30000000e-01  4.99998901e+00 
 1.40000000e-01  4.99998901e+00 
 1.50000000e-01  4.99998900e+00 
 1.60000000e-01  4.99998900e+00 
 1.70000000e-01  4.99998899e+00 
 1.80000000e-01  4.99998898e+00 
 1.90000000e-01  4.99998898e+00 
 2.00000000e-01  4.99998897e+00 
 2.10000000e-01  4.99998897e+00 
 2.20000000e-01  4.99998896e+00 
 2.30000000e-01  4.99998895e+00 
 2.40000000e-01  4.99998895e+00 
 2.50000000e-01  4.99998894e+00 
 2.60000000e-01  4.99998893e+00 
 2.70000000e-01  4.99998893e+00 
 2.80000000e-01  4.99998892e+00 
 2.90000000e-01  4.99998891e+00 
 3.00000000e-01  4.99998891e+00 
 3.10000000e-01  4.99998890e+00 
 3.20000000e-01  4.99998889e+00 
 3.30000000e-01  4.99998889e+00 
 3.40000000e-01  4.99998888e+00 
 3.50000000e-01  4.99998887e+00 
 3.60000000e-01  4.99998886e+00 
 3.70000000e-01  4.99998886e+00 
 3.80000000e-01  4.99998885e+00 
 3.90000000e-01  4.99998884e+00 
 4.00000000e-01  4.99998883e+00 
 4.10000000e-01  4.99998883e+00 
 4.20000000e-01  4.99998882e+00 
 4.30000000e-01  4.99998881e+00 
 4.40000000e-01  4.99998880e+00 
 4.50000000e-01  4.99998879e+00 
 4.60000000e-01  4.99998879e+00 
 4.70000000e-01  4.99998878e+00 
 4.80000000e-01  4.99998877e+00 
 4.90000000e-01  4.99998876e+00 
 5.00000000e-01  4.99998875e+00 
 5.10000000e-01  4.99998874e+00 
 5.20000000e-01  4.99998873e+00 
 5.30000000e-01  4.99998872e+00 
 5.40000000e-01  4.99998871e+00 
 5.50000000e-01  4.99998871e+00 
 5.60000000e-01  4.99998870e+00 
 5.70000000e-01  4.99998869e+00 
 5.80000000e-01  4.99998868e+00 
 5.90000000e-01  4.99998867e+00 
 6.00000000e-01  4.99998866e+00 
 6.10000000e-01  4.99998865e+00 
 6.20000000e-01  4.99998864e+00 
 6.30000000e-01  4.99998863e+00 
 6.40000000e-01  4.99998862e+00 
 6.50000000e-01  4.99998861e+00 
 6.60000000e-01  4.99998860e+00 
 6.70000000e-01  4.99998859e+00 
 6.80000000e-01  4.99998857e+00 
 6.90000000e-01  4.99998856e+00 
 7.00000000e-01  4.99998855e+00 
 7.10000000e-01  4.99998854e+00 
 7.20000000e-01  4.99998853e+00 
 7.30000000e-01  4.99998852e+00 
 7.40000000e-01  4.99998851e+00 
 7.50000000e-01  4.99998850e+00 
 7.60000000e-01  4.99998848e+00 
 7.70000000e-01  4.99998847e+00 
 7.80000000e-01  4.99998846e+00 
 7.90000000e-01  4.99998845e+00 
 8.00000000e-01  4.99998844e+00 
 8.10000000e-01  4.99998842e+00 
 8.20000000e-01  4.99998841e+00 
 8.30000000e-01  4.99998840e+00 
 8.40000000e-01  4.99998839e+00 
 8.50000000e-01  4.99998837e+00 
 8.60000000e-01  4.99998836e+00 
 8.70000000e-01  4.99998835e+00 
 8.80000000e-01  4.99998833e+00 
 8.90000000e-01  4.99998832e+00 
 9.00000000e-01  4.99998831e+00 
 9.10000000e-01  4.99998829e+00 
 9.20000000e-01  4.99998828e+00 
 9.30000000e-01  4.99998827e+00 
 9.40000000e-01  4.99998825e+00 
 9.50000000e-01  4.99998824e+00 
 9.60000000e-01  4.99998822e+00 
 9.70000000e-01  4.99998821e+00 
 9.80000000e-01  4.99998819e+00 
 9.90000000e-01  4.99998818e+00 
 1.00000000e+00  4.99998816e+00 
 1.01000000e+00  4.99998815e+00 
 1.02000000e+00  4.99998813e+00 
 1.03000000e+00  4.99998812e+00 
 1.04000000e+00  4.99998810e+00 
 1.05000000e+00  4.99998808e+00 
 1.06000000e+00  4.99998807e+00 
 1.07000000e+00  4.99998805e+00 
 1.08000000e+00  4.99998804e+00 
 1.09000000e+00  4.99998802e+00 
 1.10000000e+00  4.99998800e+00 
 1.11000000e+00  4.99998798e+00 
 1.12000000e+00  4.99998797e+00 
 1.13000000e+00  4.99998795e+00 
 1.14000000e+00  4.99998793e+00 
 1.15000000e+00  4.99998791e+00 
 1.16000000e+00  4.99998790e+00 
 1.17000000e+00  4.99998788e+00 
 1.18000000e+00  4.99998786e+00 
 1.19000000e+00  4.99998784e+00 
 1.20000000e+00  4.99998782e+00 
 1.21000000e+00  4.99998780e+00 
 1.22000000e+00  4.99998778e+00 
 1.23000000e+00  4.99998777e+00 
 1.24000000e+00  4.99998775e+00 
 1.25000000e+00  4.99998773e+00 
 1.26000000e+00  4.99998771e+00 
 1.27000000e+00  4.99998769e+00 
 1.28000000e+00  4.99998767e+00 
 1.29000000e+00  4.99998764e+00 
 1.30000000e+00  4.99998762e+00 
 1.31000000e+00  4.99998760e+00 
 1.32000000e+00  4.99998758e+00 
 1.33000000e+00  4.99998756e+00 
 1.34000000e+00  4.99998754e+00 
 1.35000000e+00  4.99998752e+00 
 1.36000000e+00  4.99998749e+00 
 1.37000000e+00  4.99998747e+00 
 1.38000000e+00  4.99998745e+00 
 1.39000000e+00  4.99998743e+00 
 1.40000000e+00  4.99998740e+00 
 1.41000000e+00  4.99998738e+00 
 1.42000000e+00  4.99998736e+00 
 1.43000000e+00  4.99998733e+00 
 1.44000000e+00  4.99998731e+00 
 1.45000000e+00  4.99998728e+00 
 1.46000000e+00  4.99998726e+00 
 1.47000000e+00  4.99998723e+00 
 1.48000000e+00  4.99998721e+00 
 1.49000000e+00  4.99998718e+00 
 1.50000000e+00  4.99998716e+00 
 1.51000000e+00  4.99998713e+00 
 1.52000000e+00  4.99998710e+00 
 1.53000000e+00  4.99998708e+00 
 1.54000000e+00  4.99998705e+00 
 1.55000000e+00  4.99998702e+00 
 1.56000000e+00  4.99998699e+00 
 1.57000000e+00  4.99998697e+00 
 1.58000000e+00  4.99998694e+00 
 1.59000000e+00  4.99998691e+00 
 1.60000000e+00  4.99998688e+00 
 1.61000000e+00  4.99998685e+00 
 1.62000000e+00  4.99998682e+00 
 1.63000000e+00  4.99998679e+00 
 1.64000000e+00  4.99998676e+00 
 1.65000000e+00  4.99998673e+00 
 1.66000000e+00  4.99998670e+00 
 1.67000000e+00  4.99998667e+00 
 1.68000000e+00  4.99998664e+00 
 1.69000000e+00  4.99998661e+00 
 1.70000000e+00  4.99998657e+00 
 1.71000000e+00  4.99998654e+00 
 1.72000000e+00  4.99998651e+00 
 1.73000000e+00  4.99998647e+00 
 1.74000000e+00  4.99998644e+00 
 1.75000000e+00  4.99998641e+00 
 1.76000000e+00  4.99998637e+00 
 1.77000000e+00  4.99998634e+00 
 1.78000000e+00  4.99998630e+00 
 1.79000000e+00  4.99998627e+00 
 1.80000000e+00  4.99998623e+00 
 1.81000000e+00  4.99998619e+00 
 1.82000000e+00  4.99998616e+00 
 1.83000000e+00  4.99998612e+00 
 1.84000000e+00  4.99998608e+00 
 1.85000000e+00  4.99998604e+00 
 1.86000000e+00  4.99998600e+00 
 1.87000000e+00  4.99998596e+00 
 1.88000000e+00  4.99998592e+00 
 1.89000000e+00  4.99998588e+00 
 1.90000000e+00  4.99998584e+00 
 1.91000000e+00  4.99998580e+00 
 1.92000000e+00  4.99998576e+00 
 1.93000000e+00  4.99998572e+00 
 1.94000000e+00  4.99998568e+00 
 1.95000000e+00  4.99998563e+00 
 1.96000000e+00  4.99998559e+00 
 1.97000000e+00  4.99998554e+00 
 1.98000000e+00  4.99998550e+00 
 1.99000000e+00  4.99998545e+00 
 2.00000000e+00  4.99998541e+00 
 2.01000000e+00  4.99998536e+00 
 2.02000000e+00  4.99998531e+00 
 2.03000000e+00  4.99998527e+00 
 2.04000000e+00  4.99998522e+00 
 2.05000000e+00  4.99998517e+00 
 2.06000000e+00  4.99998512e+00 
 2.07000000e+00  4.99998507e+00 
 2.08000000e+00  4.99998502e+00 
 2.09000000e+00  4.99998497e+00 
 2.10000000e+00  4.99998492e+00 
 2.11000000e+00  4.99998486e+00 
 2.12000000e+00  4.99998481e+00 
 2.13000000e+00  4.99998476e+00 
 2.14000000e+00  4.99998470e+00 
 2.15000000e+00  4.99998465e+00 
 2.16000000e+00  4.99998459e+00 
 2.17000000e+00  4.99998453e+00 
 2.18000000e+00  4.99998448e+00 
 2.19000000e+00  4.99998442e+00 
 2.20000000e+00  4.99998436e+00 
 2.21000000e+00  4.99998430e+00 
 2.22000000e+00  4.99998424e+00 
 2.23000000e+00  4.99998418e+00 
 2.24000000e+00  4.99998411e+00 
 2.25000000e+00  4.99998405e+00 
 2.26000000e+00  4.99998399e+00 
 2.27000000e+00  4.99998392e+00 
 2.28000000e+00  4.99998386e+00 
 2.29000000e+00  4.99998379e+00 
 2.30000000e+00  4.99998372e+00 
 2.31000000e+00  4.99998365e+00 
 2.32000000e+00  4.99998358e+00 
 2.33000000e+00  4.99998351e+00 
 2.34000000e+00  4.99998344e+00 
 2.35000000e+00  4.99998337e+00 
 2.36000000e+00  4.99998330e+00 
 2.37000000e+00  4.99998322e+00 
 2.38000000e+00  4.99998315e+00 
 2.39000000e+00  4.99998307e+00 
 2.40000000e+00  4.99998299e+00 
 2.41000000e+00  4.99998291e+00 
 2.42000000e+00  4.99998283e+00 
 2.43000000e+00  4.99998275e+00 
 2.44000000e+00  4.99998267e+00 
 2.45000000e+00  4.99998259e+00 
 2.46000000e+00  4.99998250e+00 
 2.47000000e+00  4.99998241e+00 
 2.48000000e+00  4.99998233e+00 
 2.49000000e+00  4.99998224e+00 
 2.50000000e+00  4.99998214e+00 
 2.51000000e+00  4.99998205e+00 
 2.52000000e+00  4.99998195e+00 
 2.53000000e+00  4.99998185e+00 
 2.54000000e+00  4.99998173e+00 
 2.55000000e+00  4.99998160e+00 
 2.56000000e+00  4.99998145e+00 
 2.57000000e+00  4.99998126e+00 
 2.58000000e+00  4.99998100e+00 
 2.59000000e+00  4.99998063e+00 
 2.60000000e+00  4.99998007e+00 
 2.61000000e+00  4.99997919e+00 
 2.62000000e+00  4.99997775e+00 
 2.63000000e+00  4.99997538e+00 
 2.64000000e+00  4.99997144e+00 
 2.65000000e+00  4.99996484e+00 
 2.66000000e+00  4.99995383e+00 
 2.67000000e+00  4.99993548e+00 
 2.68000000e+00  4.99990505e+00 
 2.69000000e+00  4.99985491e+00 
 2.70000000e+00  4.99977293e+00 
 2.71000000e+00  4.99963994e+00 
 2.72000000e+00  4.99942593e+00 
 2.73000000e+00  4.99908393e+00 
 2.74000000e+00  4.99854022e+00 
 2.75000000e+00  4.99767821e+00 
 2.76000000e+00  4.99631141e+00 
 2.77000000e+00  4.99413668e+00 
 2.78000000e+00  4.99064716e+00 
 2.79000000e+00  4.98494747e+00 
 2.80000000e+00  4.97527014e+00 
 2.81000000e+00  4.95722163e+00 
 2.82000000e+00  4.89423179e+00 
 2.83000000e+00  3.38736761e+00 
 2.84000000e+00  3.38592130e+00 
 2.85000000e+00  3.38396947e+00 
 2.86000000e+00  3.38175221e+00 
 2.87000000e+00  3.37959818e+00 
 2.88000000e+00  3.37750435e+00 
 2.89000000e+00  3.37546765e+00 
 2.90000000e+00  3.37348481e+00 
 2.91000000e+00  3.37155288e+00 
 2.92000000e+00  3.36966916e+00 
 2.93000000e+00  3.36783120e+00 
 2.94000000e+00  3.36603673e+00 
 2.95000000e+00  3.36428367e+00 
 2.96000000e+00  3.36257010e+00 
 2.97000000e+00  3.36089424e+00 
 2.98000000e+00  3.35925444e+00 
 2.99000000e+00  3.35764914e+00 
 3.00000000e+00  3.35607693e+00 
 3.01000000e+00  3.35453645e+00 
 3.02000000e+00  3.35302643e+00 
 3.03000000e+00  3.35154570e+00 
 3.04000000e+00  3.35009312e+00 
 3.05000000e+00  3.34866764e+00 
 3.06000000e+00  3.34726826e+00 
 3.07000000e+00  3.34589403e+00 
 3.08000000e+00  3.34454407e+00 
 3.09000000e+00  3.34321752e+00 
 3.10000000e+00  3.34191356e+00 
 3.11000000e+00  3.34063145e+00 
 3.12000000e+00  3.33937045e+00 
 3.13000000e+00  3.33812986e+00 
 3.14000000e+00  3.33690903e+00 
 3.15000000e+00  3.33570733e+00 
 3.16000000e+00  3.33452416e+00 
 3.17000000e+00  3.33335895e+00 
 3.18000000e+00  3.33221115e+00 
 3.19000000e+00  3.33108024e+00 
 3.20000000e+00  3.32996572e+00 
 3.21000000e+00  3.32886712e+00 
 3.22000000e+00  3.32778397e+00 
 3.23000000e+00  3.32671583e+00 
 3.24000000e+00  3.32566228e+00 
 3.25000000e+00  3.32462292e+00 
 3.26000000e+00  3.32359735e+00 
 3.27000000e+00  3.32258520e+00 
 3.28000000e+00  3.32158610e+00 
 3.29000000e+00  3.32059969e+00 
 3.30000000e+00  3.31962564e+00 
 3.31000000e+00  3.31866362e+00 
 3.32000000e+00  3.31771330e+00 
 3.33000000e+00  3.31677438e+00 
 3.34000000e+00  3.31584655e+00 
 3.35000000e+00  3.31492952e+00 
 3.36000000e+00  3.31402302e+00 
 3.37000000e+00  3.31312676e+00 
 3.38000000e+00  3.31224049e+00 
 3.39000000e+00  3.31136393e+00 
 3.40000000e+00  3.31049685e+00 
 3.41000000e+00  3.30963900e+00 
 3.42000000e+00  3.30879015e+00 
 3.43000000e+00  3.30795008e+00 
 3.44000000e+00  3.30711856e+00 
 3.45000000e+00  3.30629541e+00 
 3.46000000e+00  3.30548040e+00 
 3.47000000e+00  3.30467336e+00 
 3.48000000e+00  3.30387411e+00 
 3.49000000e+00  3.30308246e+00 
 3.50000000e+00  3.30229825e+00 
 3.51000000e+00  3.30152133e+00 
 3.52000000e+00  3.30075153e+00 
 3.53000000e+00  3.29998873e+00 
 3.54000000e+00  3.29923277e+00 
 3.55000000e+00  3.29848353e+00 
 3.56000000e+00  3.29774089e+00 
 3.57000000e+00  3.29700471e+00 
 3.58000000e+00  3.29627490e+00 
 3.59000000e+00  3.29555133e+00 
 3.60000000e+00  3.29483391e+00 
 3.61000000e+00  3.29412254e+00 
 3.62000000e+00  3.29341711e+00 
 3.63000000e+00  3.29271754e+00 
 3.64000000e+00  3.29202374e+00 
 3.65000000e+00  3.29133563e+00 
 3.66000000e+00  3.29065312e+00 
 3.67000000e+00  3.28997614e+00 
 3.68000000e+00  3.28930462e+00 
 3.69000000e+00  3.28863848e+00 
 3.70000000e+00  3.28797766e+00 
 3.71000000e+00  3.28732209e+00 
 3.72000000e+00  3.28667172e+00 
 3.73000000e+00  3.28602648e+00 
 3.74000000e+00  3.28538631e+00 
 3.75000000e+00  3.28475118e+00 
 3.76000000e+00  3.28412103e+00 
 3.77000000e+00  3.28349580e+00 
 3.78000000e+00  3.28287547e+00 
 3.79000000e+00  3.28225999e+00 
 3.80000000e+00  3.28164932e+00 
 3.81000000e+00  3.28104344e+00 
 3.82000000e+00  3.28044230e+00 
 3.83000000e+00  3.27984589e+00 
 3.84000000e+00  3.27925418e+00 
 3.85000000e+00  3.27866716e+00 
 3.86000000e+00  3.27808480e+00 
 3.87000000e+00  3.27750709e+00 
 3.88000000e+00  3.27693404e+00 
 3.89000000e+00  3.27636563e+00 
 3.90000000e+00  3.27580187e+00 
 3.91000000e+00  3.27524275e+00 
 3.92000000e+00  3.27468830e+00 
 3.93000000e+00  3.27413852e+00 
 3.94000000e+00  3.27359343e+00 
 3.95000000e+00  3.27305306e+00 
 3.96000000e+00  3.27251742e+00 
 3.97000000e+00  3.27198657e+00 
 3.98000000e+00  3.27146052e+00 
 3.99000000e+00  3.27093932e+00 
 4.00000000e+00  3.27042301e+00 
 4.01000000e+00  3.26991164e+00 
 4.02000000e+00  3.26940526e+00 
 4.03000000e+00  3.26890392e+00 
 4.04000000e+00  3.26840767e+00 
 4.05000000e+00  3.26791656e+00 
 4.06000000e+00  3.26743064e+00 
 4.07000000e+00  3.26694997e+00 
 4.08000000e+00  3.26647460e+00 
 4.09000000e+00  3.26600456e+00 
 4.10000000e+00  3.26553991e+00 
 4.11000000e+00  3.26508066e+00 
 4.12000000e+00  3.26462686e+00 
 4.13000000e+00  3.26417852e+00 
 4.14000000e+00  3.26373565e+00 
 4.15000000e+00  3.26329826e+00 
 4.16000000e+00  3.26286635e+00 
 4.17000000e+00  3.26243990e+00 
 4.18000000e+00  3.26201890e+00 
 4.19000000e+00  3.26160331e+00 
 4.20000000e+00  3.26119310e+00 
 4.21000000e+00  3.26078822e+00 
 4.22000000e+00  3.26038863e+00 
 4.23000000e+00  3.25999426e+00 
 4.24000000e+00  3.25960506e+00 
 4.25000000e+00  3.25922096e+00 
 4.26000000e+00  3.25884189e+00 
 4.27000000e+00  3.25846779e+00 
 4.28000000e+00  3.25809857e+00 
 4.29000000e+00  3.25773416e+00 
 4.30000000e+00  3.25737450e+00 
 4.31000000e+00  3.25701949e+00 
 4.32000000e+00  3.25666907e+00 
 4.33000000e+00  3.25632317e+00 
 4.34000000e+00  3.25598171e+00 
 4.35000000e+00  3.25564461e+00 
 4.36000000e+00  3.25531182e+00 
 4.37000000e+00  3.25498325e+00 
 4.38000000e+00  3.25465885e+00 
 4.39000000e+00  3.25433855e+00 
 4.40000000e+00  3.25402229e+00 
 4.41000000e+00  3.25371000e+00 
 4.42000000e+00  3.25340163e+00 
 4.43000000e+00  3.25309712e+00 
 4.44000000e+00  3.25279642e+00 
 4.45000000e+00  3.25249946e+00 
 4.46000000e+00  3.25220621e+00 
 4.47000000e+00  3.25191660e+00 
 4.48000000e+00  3.25163059e+00 
 4.49000000e+00  3.25134813e+00 
 4.50000000e+00  3.25106917e+00 
 4.51000000e+00  3.25079367e+00 
 4.52000000e+00  3.25052159e+00 
 4.53000000e+00  3.25025288e+00 
 4.54000000e+00  3.24998749e+00 
 4.55000000e+00  3.24972539e+00 
 4.56000000e+00  3.24946654e+00 
 4.57000000e+00  3.24921089e+00 
 4.58000000e+00  3.24895842e+00 
 4.59000000e+00  3.24870907e+00 
 4.60000000e+00  3.24846281e+00 
 4.61000000e+00  3.24821961e+00 
 4.62000000e+00  3.24797944e+00 
 4.63000000e+00  3.24774224e+00 
 4.64000000e+00  3.24750800e+00 
 4.65000000e+00  3.24727668e+00 
 4.66000000e+00  3.24704824e+00 
 4.67000000e+00  3.24682266e+00 
 4.68000000e+00  3.24659989e+00 
 4.69000000e+00  3.24637991e+00 
 4.70000000e+00  3.24616269e+00 
 4.71000000e+00  3.24594820e+00 
 4.72000000e+00  3.24573641e+00 
 4.73000000e+00  3.24552728e+00 
 4.74000000e+00  3.24532079e+00 
 4.75000000e+00  3.24511692e+00 
 4.76000000e+00  3.24491562e+00 
 4.77000000e+00  3.24471688e+00 
 4.78000000e+00  3.24452067e+00 
 4.79000000e+00  3.24432696e+00 
 4.80000000e+00  3.24413573e+00 
 4.81000000e+00  3.24394694e+00 
 4.82000000e+00  3.24376057e+00 
 4.83000000e+00  3.24357661e+00 
 4.84000000e+00  3.24339501e+00 
 4.85000000e+00  3.24321577e+00 
 4.86000000e+00  3.24303885e+00 
 4.87000000e+00  3.24286423e+00 
 4.88000000e+00  3.24269188e+00 
 4.89000000e+00  3.24252179e+00 
 4.90000000e+00  3.24235393e+00 
 4.91000000e+00  3.24218828e+00 
 4.92000000e+00  3.24202482e+00 
 4.93000000e+00  3.24186351e+00 
 4.94000000e+00  3.24170436e+00 
 4.95000000e+00  3.24154732e+00 
 4.96000000e+00  3.24139238e+00 
 4.97000000e+00  3.24123952e+00 
 4.98000000e+00  3.24108871e+00 
 4.99000000e+00  3.24093995e+00 
 5.00000000e+00  3.24079320e+00 
