 0.00000000e+00  4.99997172e+00 
 1.00000000e-02  4.99997170e+00 
 2.00000000e-02  4.99997169e+00 
 3.00000000e-02  4.99997168e+00 
 4.00000000e-02  4.99997166e+00 
 5.00000000e-02  4.99997165e+00 
 6.00000000e-02  4.99997163e+00 
 7.00000000e-02  4.99997162e+00 
 8.00000000e-02  4.99997160e+00 
 9.00000000e-02  4.99997159e+00 
 1.00000000e-01  4.99997157e+00 
 1.10000000e-01  4.99997155e+00 
 1.20000000e-01  4.99997154e+00 
 1.30000000e-01  4.99997152e+00 
 1.40000000e-01  4.99997150e+00 
 1.50000000e-01  4.99997149e+00 
 1.60000000e-01  4.99997147e+00 
 1.70000000e-01  4.99997145e+00 
 1.80000000e-01  4.99997144e+00 
 1.90000000e-01  4.99997142e+00 
 2.00000000e-01  4.99997140e+00 
 2.10000000e-01  4.99997138e+00 
 2.20000000e-01  4.99997136e+00 
 2.30000000e-01  4.99997135e+00 
 2.40000000e-01  4.99997133e+00 
 2.50000000e-01  4.99997131e+00 
 2.60000000e-01  4.99997129e+00 
 2.70000000e-01  4.99997127e+00 
 2.80000000e-01  4.99997125e+00 
 2.90000000e-01  4.99997123e+00 
 3.00000000e-01  4.99997121e+00 
 3.10000000e-01  4.99997119e+00 
 3.20000000e-01  4.99997117e+00 
 3.30000000e-01  4.99997115e+00 
 3.40000000e-01  4.99997113e+00 
 3.50000000e-01  4.99997111e+00 
 3.60000000e-01  4.99997108e+00 
 3.70000000e-01  4.99997106e+00 
 3.80000000e-01  4.99997104e+00 
 3.90000000e-01  4.99997102e+00 
 4.00000000e-01  4.99997100e+00 
 4.10000000e-01  4.99997097e+00 
 4.20000000e-01  4.99997095e+00 
 4.30000000e-01  4.99997093e+00 
 4.40000000e-01  4.99997090e+00 
 4.50000000e-01  4.99997088e+00 
 4.60000000e-01  4.99997086e+00 
 4.70000000e-01  4.99997083e+00 
 4.80000000e-01  4.99997081e+00 
 4.90000000e-01  4.99997078e+00 
 5.00000000e-01  4.99997076e+00 
 5.10000000e-01  4.99997073e+00 
 5.20000000e-01  4.99997071e+00 
 5.30000000e-01  4.99997068e+00 
 5.40000000e-01  4.99997066e+00 
 5.50000000e-01  4.99997063e+00 
 5.60000000e-01  4.99997060e+00 
 5.70000000e-01  4.99997058e+00 
 5.80000000e-01  4.99997055e+00 
 5.90000000e-01  4.99997052e+00 
 6.00000000e-01  4.99997050e+00 
 6.10000000e-01  4.99997047e+00 
 6.20000000e-01  4.99997044e+00 
 6.30000000e-01  4.99997041e+00 
 6.40000000e-01  4.99997038e+00 
 6.50000000e-01  4.99997035e+00 
 6.60000000e-01  4.99997032e+00 
 6.70000000e-01  4.99997029e+00 
 6.80000000e-01  4.99997026e+00 
 6.90000000e-01  4.99997023e+00 
 7.00000000e-01  4.99997020e+00 
 7.10000000e-01  4.99997017e+00 
 7.20000000e-01  4.99997014e+00 
 7.30000000e-01  4.99997011e+00 
 7.40000000e-01  4.99997008e+00 
 7.50000000e-01  4.99997005e+00 
 7.60000000e-01  4.99997001e+00 
 7.70000000e-01  4.99996998e+00 
 7.80000000e-01  4.99996995e+00 
 7.90000000e-01  4.99996991e+00 
 8.00000000e-01  4.99996988e+00 
 8.10000000e-01  4.99996985e+00 
 8.20000000e-01  4.99996981e+00 
 8.30000000e-01  4.99996978e+00 
 8.40000000e-01  4.99996974e+00 
 8.50000000e-01  4.99996971e+00 
 8.60000000e-01  4.99996967e+00 
 8.70000000e-01  4.99996963e+00 
 8.80000000e-01  4.99996960e+00 
 8.90000000e-01  4.99996956e+00 
 9.00000000e-01  4.99996952e+00 
 9.10000000e-01  4.99996948e+00 
 9.20000000e-01  4.99996945e+00 
 9.30000000e-01  4.99996941e+00 
 9.40000000e-01  4.99996937e+00 
 9.50000000e-01  4.99996933e+00 
 9.60000000e-01  4.99996929e+00 
 9.70000000e-01  4.99996925e+00 
 9.80000000e-01  4.99996921e+00 
 9.90000000e-01  4.99996917e+00 
 1.00000000e+00  4.99996912e+00 
 1.01000000e+00  4.99996908e+00 
 1.02000000e+00  4.99996904e+00 
 1.03000000e+00  4.99996900e+00 
 1.04000000e+00  4.99996895e+00 
 1.05000000e+00  4.99996891e+00 
 1.06000000e+00  4.99996887e+00 
 1.07000000e+00  4.99996882e+00 
 1.08000000e+00  4.99996878e+00 
 1.09000000e+00  4.99996873e+00 
 1.10000000e+00  4.99996869e+00 
 1.11000000e+00  4.99996864e+00 
 1.12000000e+00  4.99996859e+00 
 1.13000000e+00  4.99996855e+00 
 1.14000000e+00  4.99996850e+00 
 1.15000000e+00  4.99996845e+00 
 1.16000000e+00  4.99996840e+00 
 1.17000000e+00  4.99996835e+00 
 1.18000000e+00  4.99996830e+00 
 1.19000000e+00  4.99996825e+00 
 1.20000000e+00  4.99996820e+00 
 1.21000000e+00  4.99996815e+00 
 1.22000000e+00  4.99996810e+00 
 1.23000000e+00  4.99996804e+00 
 1.24000000e+00  4.99996799e+00 
 1.25000000e+00  4.99996794e+00 
 1.26000000e+00  4.99996788e+00 
 1.27000000e+00  4.99996783e+00 
 1.28000000e+00  4.99996777e+00 
 1.29000000e+00  4.99996772e+00 
 1.30000000e+00  4.99996766e+00 
 1.31000000e+00  4.99996760e+00 
 1.32000000e+00  4.99996755e+00 
 1.33000000e+00  4.99996749e+00 
 1.34000000e+00  4.99996743e+00 
 1.35000000e+00  4.99996737e+00 
 1.36000000e+00  4.99996731e+00 
 1.37000000e+00  4.99996725e+00 
 1.38000000e+00  4.99996719e+00 
 1.39000000e+00  4.99996713e+00 
 1.40000000e+00  4.99996707e+00 
 1.41000000e+00  4.99996700e+00 
 1.42000000e+00  4.99996694e+00 
 1.43000000e+00  4.99996687e+00 
 1.44000000e+00  4.99996681e+00 
 1.45000000e+00  4.99996674e+00 
 1.46000000e+00  4.99996668e+00 
 1.47000000e+00  4.99996661e+00 
 1.48000000e+00  4.99996654e+00 
 1.49000000e+00  4.99996647e+00 
 1.50000000e+00  4.99996640e+00 
 1.51000000e+00  4.99996633e+00 
 1.52000000e+00  4.99996626e+00 
 1.53000000e+00  4.99996619e+00 
 1.54000000e+00  4.99996612e+00 
 1.55000000e+00  4.99996604e+00 
 1.56000000e+00  4.99996597e+00 
 1.57000000e+00  4.99996590e+00 
 1.58000000e+00  4.99996582e+00 
 1.59000000e+00  4.99996574e+00 
 1.60000000e+00  4.99996567e+00 
 1.61000000e+00  4.99996559e+00 
 1.62000000e+00  4.99996551e+00 
 1.63000000e+00  4.99996543e+00 
 1.64000000e+00  4.99996535e+00 
 1.65000000e+00  4.99996527e+00 
 1.66000000e+00  4.99996519e+00 
 1.67000000e+00  4.99996510e+00 
 1.68000000e+00  4.99996502e+00 
 1.69000000e+00  4.99996493e+00 
 1.70000000e+00  4.99996485e+00 
 1.71000000e+00  4.99996476e+00 
 1.72000000e+00  4.99996467e+00 
 1.73000000e+00  4.99996458e+00 
 1.74000000e+00  4.99996449e+00 
 1.75000000e+00  4.99996440e+00 
 1.76000000e+00  4.99996431e+00 
 1.77000000e+00  4.99996422e+00 
 1.78000000e+00  4.99996412e+00 
 1.79000000e+00  4.99996403e+00 
 1.80000000e+00  4.99996393e+00 
 1.81000000e+00  4.99996383e+00 
 1.82000000e+00  4.99996374e+00 
 1.83000000e+00  4.99996364e+00 
 1.84000000e+00  4.99996354e+00 
 1.85000000e+00  4.99996343e+00 
 1.86000000e+00  4.99996333e+00 
 1.87000000e+00  4.99996323e+00 
 1.88000000e+00  4.99996312e+00 
 1.89000000e+00  4.99996302e+00 
 1.90000000e+00  4.99996291e+00 
 1.91000000e+00  4.99996280e+00 
 1.92000000e+00  4.99996269e+00 
 1.93000000e+00  4.99996258e+00 
 1.94000000e+00  4.99996246e+00 
 1.95000000e+00  4.99996235e+00 
 1.96000000e+00  4.99996223e+00 
 1.97000000e+00  4.99996212e+00 
 1.98000000e+00  4.99996200e+00 
 1.99000000e+00  4.99996188e+00 
 2.00000000e+00  4.99996176e+00 
 2.01000000e+00  4.99996163e+00 
 2.02000000e+00  4.99996151e+00 
 2.03000000e+00  4.99996138e+00 
 2.04000000e+00  4.99996126e+00 
 2.05000000e+00  4.99996113e+00 
 2.06000000e+00  4.99996100e+00 
 2.07000000e+00  4.99996087e+00 
 2.08000000e+00  4.99996073e+00 
 2.09000000e+00  4.99996060e+00 
 2.10000000e+00  4.99996046e+00 
 2.11000000e+00  4.99996032e+00 
 2.12000000e+00  4.99996018e+00 
 2.13000000e+00  4.99996004e+00 
 2.14000000e+00  4.99995990e+00 
 2.15000000e+00  4.99995975e+00 
 2.16000000e+00  4.99995960e+00 
 2.17000000e+00  4.99995945e+00 
 2.18000000e+00  4.99995930e+00 
 2.19000000e+00  4.99995915e+00 
 2.20000000e+00  4.99995899e+00 
 2.21000000e+00  4.99995884e+00 
 2.22000000e+00  4.99995868e+00 
 2.23000000e+00  4.99995851e+00 
 2.24000000e+00  4.99995835e+00 
 2.25000000e+00  4.99995819e+00 
 2.26000000e+00  4.99995802e+00 
 2.27000000e+00  4.99995785e+00 
 2.28000000e+00  4.99995767e+00 
 2.29000000e+00  4.99995750e+00 
 2.30000000e+00  4.99995732e+00 
 2.31000000e+00  4.99995714e+00 
 2.32000000e+00  4.99995696e+00 
 2.33000000e+00  4.99995678e+00 
 2.34000000e+00  4.99995659e+00 
 2.35000000e+00  4.99995640e+00 
 2.36000000e+00  4.99995621e+00 
 2.37000000e+00  4.99995601e+00 
 2.38000000e+00  4.99995582e+00 
 2.39000000e+00  4.99995562e+00 
 2.40000000e+00  4.99995541e+00 
 2.41000000e+00  4.99995521e+00 
 2.42000000e+00  4.99995500e+00 
 2.43000000e+00  4.99995479e+00 
 2.44000000e+00  4.99995457e+00 
 2.45000000e+00  4.99995435e+00 
 2.46000000e+00  4.99995413e+00 
 2.47000000e+00  4.99995391e+00 
 2.48000000e+00  4.99995368e+00 
 2.49000000e+00  4.99995345e+00 
 2.50000000e+00  4.99995321e+00 
 2.51000000e+00  4.99995297e+00 
 2.52000000e+00  4.99995273e+00 
 2.53000000e+00  4.99995249e+00 
 2.54000000e+00  4.99995224e+00 
 2.55000000e+00  4.99995198e+00 
 2.56000000e+00  4.99995173e+00 
 2.57000000e+00  4.99995147e+00 
 2.58000000e+00  4.99995120e+00 
 2.59000000e+00  4.99995093e+00 
 2.60000000e+00  4.99995066e+00 
 2.61000000e+00  4.99995038e+00 
 2.62000000e+00  4.99995010e+00 
 2.63000000e+00  4.99994981e+00 
 2.64000000e+00  4.99994952e+00 
 2.65000000e+00  4.99994922e+00 
 2.66000000e+00  4.99994892e+00 
 2.67000000e+00  4.99994862e+00 
 2.68000000e+00  4.99994831e+00 
 2.69000000e+00  4.99994799e+00 
 2.70000000e+00  4.99994767e+00 
 2.71000000e+00  4.99994734e+00 
 2.72000000e+00  4.99994701e+00 
 2.73000000e+00  4.99994667e+00 
 2.74000000e+00  4.99994632e+00 
 2.75000000e+00  4.99994597e+00 
 2.76000000e+00  4.99994562e+00 
 2.77000000e+00  4.99994525e+00 
 2.78000000e+00  4.99994488e+00 
 2.79000000e+00  4.99994451e+00 
 2.80000000e+00  4.99994413e+00 
 2.81000000e+00  4.99994374e+00 
 2.82000000e+00  4.99994334e+00 
 2.83000000e+00  4.99994294e+00 
 2.84000000e+00  4.99994252e+00 
 2.85000000e+00  4.99994210e+00 
 2.86000000e+00  4.99994168e+00 
 2.87000000e+00  4.99994124e+00 
 2.88000000e+00  4.99994080e+00 
 2.89000000e+00  4.99994034e+00 
 2.90000000e+00  4.99993988e+00 
 2.91000000e+00  4.99993941e+00 
 2.92000000e+00  4.99993893e+00 
 2.93000000e+00  4.99993844e+00 
 2.94000000e+00  4.99993794e+00 
 2.95000000e+00  4.99993743e+00 
 2.96000000e+00  4.99993691e+00 
 2.97000000e+00  4.99993638e+00 
 2.98000000e+00  4.99993583e+00 
 2.99000000e+00  4.99993528e+00 
 3.00000000e+00  4.99993471e+00 
 3.01000000e+00  4.99993413e+00 
 3.02000000e+00  4.99993353e+00 
 3.03000000e+00  4.99993292e+00 
 3.04000000e+00  4.99993229e+00 
 3.05000000e+00  4.99993165e+00 
 3.06000000e+00  4.99993098e+00 
 3.07000000e+00  4.99993028e+00 
 3.08000000e+00  4.99992955e+00 
 3.09000000e+00  4.99992878e+00 
 3.10000000e+00  4.99992795e+00 
 3.11000000e+00  4.99992704e+00 
 3.12000000e+00  4.99992603e+00 
 3.13000000e+00  4.99992487e+00 
 3.14000000e+00  4.99992349e+00 
 3.15000000e+00  4.99992180e+00 
 3.16000000e+00  4.99991965e+00 
 3.17000000e+00  4.99991683e+00 
 3.18000000e+00  4.99991304e+00 
 3.19000000e+00  4.99990782e+00 
 3.20000000e+00  4.99990049e+00 
 3.21000000e+00  4.99989011e+00 
 3.22000000e+00  4.99987526e+00 
 3.23000000e+00  4.99985394e+00 
 3.24000000e+00  4.99982326e+00 
 3.25000000e+00  4.99977909e+00 
 3.26000000e+00  4.99971562e+00 
 3.27000000e+00  4.99962461e+00 
 3.28000000e+00  4.99949446e+00 
 3.29000000e+00  4.99930886e+00 
 3.30000000e+00  4.99904484e+00 
 3.31000000e+00  4.99866987e+00 
 3.32000000e+00  4.99813750e+00 
 3.33000000e+00  4.99738064e+00 
 3.34000000e+00  4.99630072e+00 
 3.35000000e+00  4.99474936e+00 
 3.36000000e+00  4.99249521e+00 
 3.37000000e+00  4.98915659e+00 
 3.38000000e+00  4.98404252e+00 
 3.39000000e+00  4.97567746e+00 
 3.40000000e+00  4.95962483e+00 
 3.41000000e+00  3.44408118e+00 
 3.42000000e+00  3.44232421e+00 
 3.43000000e+00  3.44124733e+00 
 3.44000000e+00  3.43988320e+00 
 3.45000000e+00  3.43854687e+00 
 3.46000000e+00  3.43723864e+00 
 3.47000000e+00  3.43595784e+00 
 3.48000000e+00  3.43470327e+00 
 3.49000000e+00  3.43347380e+00 
 3.50000000e+00  3.43226839e+00 
 3.51000000e+00  3.43108605e+00 
 3.52000000e+00  3.42992584e+00 
 3.53000000e+00  3.42878692e+00 
 3.54000000e+00  3.42766845e+00 
 3.55000000e+00  3.42656967e+00 
 3.56000000e+00  3.42548986e+00 
 3.57000000e+00  3.42442836e+00 
 3.58000000e+00  3.42338451e+00 
 3.59000000e+00  3.42235771e+00 
 3.60000000e+00  3.42134741e+00 
 3.61000000e+00  3.42035307e+00 
 3.62000000e+00  3.41937418e+00 
 3.63000000e+00  3.41841027e+00 
 3.64000000e+00  3.41746088e+00 
 3.65000000e+00  3.41652560e+00 
 3.66000000e+00  3.41560400e+00 
 3.67000000e+00  3.41469572e+00 
 3.68000000e+00  3.41380037e+00 
 3.69000000e+00  3.41291762e+00 
 3.70000000e+00  3.41204714e+00 
 3.71000000e+00  3.41118860e+00 
 3.72000000e+00  3.41034170e+00 
 3.73000000e+00  3.40950617e+00 
 3.74000000e+00  3.40868171e+00 
 3.75000000e+00  3.40786807e+00 
 3.76000000e+00  3.40706500e+00 
 3.77000000e+00  3.40627225e+00 
 3.78000000e+00  3.40548960e+00 
 3.79000000e+00  3.40471681e+00 
 3.80000000e+00  3.40395369e+00 
 3.81000000e+00  3.40320002e+00 
 3.82000000e+00  3.40245560e+00 
 3.83000000e+00  3.40172025e+00 
 3.84000000e+00  3.40099379e+00 
 3.85000000e+00  3.40027605e+00 
 3.86000000e+00  3.39956685e+00 
 3.87000000e+00  3.39886604e+00 
 3.88000000e+00  3.39817346e+00 
 3.89000000e+00  3.39748896e+00 
 3.90000000e+00  3.39681240e+00 
 3.91000000e+00  3.39614365e+00 
 3.92000000e+00  3.39548257e+00 
 3.93000000e+00  3.39482903e+00 
 3.94000000e+00  3.39418291e+00 
 3.95000000e+00  3.39354411e+00 
 3.96000000e+00  3.39291249e+00 
 3.97000000e+00  3.39228796e+00 
 3.98000000e+00  3.39167041e+00 
 3.99000000e+00  3.39105975e+00 
 4.00000000e+00  3.39045587e+00 
 4.01000000e+00  3.38985869e+00 
 4.02000000e+00  3.38926811e+00 
 4.03000000e+00  3.38868405e+00 
 4.04000000e+00  3.38810643e+00 
 4.05000000e+00  3.38753518e+00 
 4.06000000e+00  3.38697021e+00 
 4.07000000e+00  3.38641145e+00 
 4.08000000e+00  3.38585884e+00 
 4.09000000e+00  3.38531231e+00 
 4.10000000e+00  3.38477179e+00 
 4.11000000e+00  3.38423722e+00 
 4.12000000e+00  3.38370854e+00 
 4.13000000e+00  3.38318570e+00 
 4.14000000e+00  3.38266863e+00 
 4.15000000e+00  3.38215728e+00 
 4.16000000e+00  3.38165161e+00 
 4.17000000e+00  3.38115156e+00 
 4.18000000e+00  3.38065709e+00 
 4.19000000e+00  3.38016814e+00 
 4.20000000e+00  3.37968468e+00 
 4.21000000e+00  3.37920667e+00 
 4.22000000e+00  3.37873406e+00 
 4.23000000e+00  3.37826681e+00 
 4.24000000e+00  3.37780490e+00 
 4.25000000e+00  3.37734828e+00 
 4.26000000e+00  3.37689694e+00 
 4.27000000e+00  3.37645084e+00 
 4.28000000e+00  3.37600995e+00 
 4.29000000e+00  3.37557425e+00 
 4.30000000e+00  3.37514373e+00 
 4.31000000e+00  3.37471836e+00 
 4.32000000e+00  3.37429812e+00 
 4.33000000e+00  3.37388301e+00 
 4.34000000e+00  3.37347299e+00 
 4.35000000e+00  3.37306806e+00 
 4.36000000e+00  3.37266820e+00 
 4.37000000e+00  3.37227339e+00 
 4.38000000e+00  3.37188362e+00 
 4.39000000e+00  3.37149887e+00 
 4.40000000e+00  3.37111910e+00 
 4.41000000e+00  3.37074431e+00 
 4.42000000e+00  3.37037447e+00 
 4.43000000e+00  3.37000953e+00 
 4.44000000e+00  3.36964947e+00 
 4.45000000e+00  3.36929426e+00 
 4.46000000e+00  3.36894384e+00 
 4.47000000e+00  3.36859818e+00 
 4.48000000e+00  3.36825723e+00 
 4.49000000e+00  3.36792094e+00 
 4.50000000e+00  3.36758926e+00 
 4.51000000e+00  3.36726212e+00 
 4.52000000e+00  3.36693949e+00 
 4.53000000e+00  3.36662129e+00 
 4.54000000e+00  3.36630746e+00 
 4.55000000e+00  3.36599796e+00 
 4.56000000e+00  3.36569270e+00 
 4.57000000e+00  3.36539164e+00 
 4.58000000e+00  3.36509471e+00 
 4.59000000e+00  3.36480185e+00 
 4.60000000e+00  3.36451300e+00 
 4.61000000e+00  3.36422809e+00 
 4.62000000e+00  3.36394707e+00 
 4.63000000e+00  3.36366988e+00 
 4.64000000e+00  3.36339645e+00 
 4.65000000e+00  3.36312673e+00 
 4.66000000e+00  3.36286067e+00 
 4.67000000e+00  3.36259820e+00 
 4.68000000e+00  3.36233927e+00 
 4.69000000e+00  3.36208383e+00 
 4.70000000e+00  3.36183183e+00 
 4.71000000e+00  3.36158322e+00 
 4.72000000e+00  3.36133794e+00 
 4.73000000e+00  3.36109594e+00 
 4.74000000e+00  3.36085718e+00 
 4.75000000e+00  3.36062162e+00 
 4.76000000e+00  3.36038920e+00 
 4.77000000e+00  3.36015988e+00 
 4.78000000e+00  3.35993361e+00 
 4.79000000e+00  3.35971036e+00 
 4.80000000e+00  3.35949009e+00 
 4.81000000e+00  3.35927274e+00 
 4.82000000e+00  3.35905829e+00 
 4.83000000e+00  3.35884668e+00 
 4.84000000e+00  3.35863790e+00 
 4.85000000e+00  3.35843189e+00 
 4.86000000e+00  3.35822862e+00 
 4.87000000e+00  3.35802805e+00 
 4.88000000e+00  3.35783015e+00 
 4.89000000e+00  3.35763489e+00 
 4.90000000e+00  3.35744222e+00 
 4.91000000e+00  3.35725213e+00 
 4.92000000e+00  3.35706457e+00 
 4.93000000e+00  3.35687952e+00 
 4.94000000e+00  3.35669693e+00 
 4.95000000e+00  3.35651679e+00 
 4.96000000e+00  3.35633906e+00 
 4.97000000e+00  3.35616371e+00 
 4.98000000e+00  3.35599072e+00 
 4.99000000e+00  3.35582005e+00 
 5.00000000e+00  3.35565168e+00 
