 0.00000000e+00  4.99999533e+00 
 1.00000000e-02  4.99999533e+00 
 2.00000000e-02  4.99999533e+00 
 3.00000000e-02  4.99999534e+00 
 4.00000000e-02  4.99999534e+00 
 5.00000000e-02  4.99999534e+00 
 6.00000000e-02  4.99999535e+00 
 7.00000000e-02  4.99999535e+00 
 8.00000000e-02  4.99999535e+00 
 9.00000000e-02  4.99999535e+00 
 1.00000000e-01  4.99999536e+00 
 1.10000000e-01  4.99999536e+00 
 1.20000000e-01  4.99999536e+00 
 1.30000000e-01  4.99999536e+00 
 1.40000000e-01  4.99999537e+00 
 1.50000000e-01  4.99999537e+00 
 1.60000000e-01  4.99999537e+00 
 1.70000000e-01  4.99999537e+00 
 1.80000000e-01  4.99999538e+00 
 1.90000000e-01  4.99999538e+00 
 2.00000000e-01  4.99999538e+00 
 2.10000000e-01  4.99999538e+00 
 2.20000000e-01  4.99999539e+00 
 2.30000000e-01  4.99999539e+00 
 2.40000000e-01  4.99999539e+00 
 2.50000000e-01  4.99999539e+00 
 2.60000000e-01  4.99999540e+00 
 2.70000000e-01  4.99999540e+00 
 2.80000000e-01  4.99999540e+00 
 2.90000000e-01  4.99999540e+00 
 3.00000000e-01  4.99999541e+00 
 3.10000000e-01  4.99999541e+00 
 3.20000000e-01  4.99999541e+00 
 3.30000000e-01  4.99999541e+00 
 3.40000000e-01  4.99999541e+00 
 3.50000000e-01  4.99999542e+00 
 3.60000000e-01  4.99999542e+00 
 3.70000000e-01  4.99999542e+00 
 3.80000000e-01  4.99999542e+00 
 3.90000000e-01  4.99999542e+00 
 4.00000000e-01  4.99999543e+00 
 4.10000000e-01  4.99999543e+00 
 4.20000000e-01  4.99999543e+00 
 4.30000000e-01  4.99999543e+00 
 4.40000000e-01  4.99999543e+00 
 4.50000000e-01  4.99999544e+00 
 4.60000000e-01  4.99999544e+00 
 4.70000000e-01  4.99999544e+00 
 4.80000000e-01  4.99999544e+00 
 4.90000000e-01  4.99999544e+00 
 5.00000000e-01  4.99999544e+00 
 5.10000000e-01  4.99999545e+00 
 5.20000000e-01  4.99999545e+00 
 5.30000000e-01  4.99999545e+00 
 5.40000000e-01  4.99999545e+00 
 5.50000000e-01  4.99999545e+00 
 5.60000000e-01  4.99999545e+00 
 5.70000000e-01  4.99999545e+00 
 5.80000000e-01  4.99999546e+00 
 5.90000000e-01  4.99999546e+00 
 6.00000000e-01  4.99999546e+00 
 6.10000000e-01  4.99999546e+00 
 6.20000000e-01  4.99999546e+00 
 6.30000000e-01  4.99999546e+00 
 6.40000000e-01  4.99999546e+00 
 6.50000000e-01  4.99999546e+00 
 6.60000000e-01  4.99999546e+00 
 6.70000000e-01  4.99999547e+00 
 6.80000000e-01  4.99999547e+00 
 6.90000000e-01  4.99999547e+00 
 7.00000000e-01  4.99999547e+00 
 7.10000000e-01  4.99999547e+00 
 7.20000000e-01  4.99999547e+00 
 7.30000000e-01  4.99999547e+00 
 7.40000000e-01  4.99999547e+00 
 7.50000000e-01  4.99999547e+00 
 7.60000000e-01  4.99999547e+00 
 7.70000000e-01  4.99999547e+00 
 7.80000000e-01  4.99999547e+00 
 7.90000000e-01  4.99999548e+00 
 8.00000000e-01  4.99999548e+00 
 8.10000000e-01  4.99999548e+00 
 8.20000000e-01  4.99999548e+00 
 8.30000000e-01  4.99999548e+00 
 8.40000000e-01  4.99999548e+00 
 8.50000000e-01  4.99999548e+00 
 8.60000000e-01  4.99999548e+00 
 8.70000000e-01  4.99999548e+00 
 8.80000000e-01  4.99999548e+00 
 8.90000000e-01  4.99999548e+00 
 9.00000000e-01  4.99999548e+00 
 9.10000000e-01  4.99999548e+00 
 9.20000000e-01  4.99999548e+00 
 9.30000000e-01  4.99999548e+00 
 9.40000000e-01  4.99999548e+00 
 9.50000000e-01  4.99999548e+00 
 9.60000000e-01  4.99999548e+00 
 9.70000000e-01  4.99999548e+00 
 9.80000000e-01  4.99999548e+00 
 9.90000000e-01  4.99999548e+00 
 1.00000000e+00  4.99999548e+00 
 1.01000000e+00  4.99999548e+00 
 1.02000000e+00  4.99999548e+00 
 1.03000000e+00  4.99999548e+00 
 1.04000000e+00  4.99999547e+00 
 1.05000000e+00  4.99999547e+00 
 1.06000000e+00  4.99999547e+00 
 1.07000000e+00  4.99999547e+00 
 1.08000000e+00  4.99999547e+00 
 1.09000000e+00  4.99999547e+00 
 1.10000000e+00  4.99999547e+00 
 1.11000000e+00  4.99999547e+00 
 1.12000000e+00  4.99999547e+00 
 1.13000000e+00  4.99999547e+00 
 1.14000000e+00  4.99999547e+00 
 1.15000000e+00  4.99999546e+00 
 1.16000000e+00  4.99999546e+00 
 1.17000000e+00  4.99999546e+00 
 1.18000000e+00  4.99999546e+00 
 1.19000000e+00  4.99999546e+00 
 1.20000000e+00  4.99999546e+00 
 1.21000000e+00  4.99999546e+00 
 1.22000000e+00  4.99999545e+00 
 1.23000000e+00  4.99999545e+00 
 1.24000000e+00  4.99999545e+00 
 1.25000000e+00  4.99999545e+00 
 1.26000000e+00  4.99999545e+00 
 1.27000000e+00  4.99999544e+00 
 1.28000000e+00  4.99999544e+00 
 1.29000000e+00  4.99999544e+00 
 1.30000000e+00  4.99999544e+00 
 1.31000000e+00  4.99999544e+00 
 1.32000000e+00  4.99999543e+00 
 1.33000000e+00  4.99999543e+00 
 1.34000000e+00  4.99999543e+00 
 1.35000000e+00  4.99999543e+00 
 1.36000000e+00  4.99999542e+00 
 1.37000000e+00  4.99999542e+00 
 1.38000000e+00  4.99999542e+00 
 1.39000000e+00  4.99999542e+00 
 1.40000000e+00  4.99999541e+00 
 1.41000000e+00  4.99999541e+00 
 1.42000000e+00  4.99999541e+00 
 1.43000000e+00  4.99999540e+00 
 1.44000000e+00  4.99999540e+00 
 1.45000000e+00  4.99999540e+00 
 1.46000000e+00  4.99999539e+00 
 1.47000000e+00  4.99999539e+00 
 1.48000000e+00  4.99999539e+00 
 1.49000000e+00  4.99999538e+00 
 1.50000000e+00  4.99999538e+00 
 1.51000000e+00  4.99999538e+00 
 1.52000000e+00  4.99999537e+00 
 1.53000000e+00  4.99999537e+00 
 1.54000000e+00  4.99999536e+00 
 1.55000000e+00  4.99999536e+00 
 1.56000000e+00  4.99999536e+00 
 1.57000000e+00  4.99999535e+00 
 1.58000000e+00  4.99999535e+00 
 1.59000000e+00  4.99999534e+00 
 1.60000000e+00  4.99999534e+00 
 1.61000000e+00  4.99999533e+00 
 1.62000000e+00  4.99999533e+00 
 1.63000000e+00  4.99999532e+00 
 1.64000000e+00  4.99999532e+00 
 1.65000000e+00  4.99999531e+00 
 1.66000000e+00  4.99999531e+00 
 1.67000000e+00  4.99999530e+00 
 1.68000000e+00  4.99999530e+00 
 1.69000000e+00  4.99999529e+00 
 1.70000000e+00  4.99999529e+00 
 1.71000000e+00  4.99999528e+00 
 1.72000000e+00  4.99999527e+00 
 1.73000000e+00  4.99999527e+00 
 1.74000000e+00  4.99999526e+00 
 1.75000000e+00  4.99999526e+00 
 1.76000000e+00  4.99999525e+00 
 1.77000000e+00  4.99999524e+00 
 1.78000000e+00  4.99999524e+00 
 1.79000000e+00  4.99999523e+00 
 1.80000000e+00  4.99999522e+00 
 1.81000000e+00  4.99999521e+00 
 1.82000000e+00  4.99999521e+00 
 1.83000000e+00  4.99999520e+00 
 1.84000000e+00  4.99999519e+00 
 1.85000000e+00  4.99999519e+00 
 1.86000000e+00  4.99999518e+00 
 1.87000000e+00  4.99999517e+00 
 1.88000000e+00  4.99999516e+00 
 1.89000000e+00  4.99999515e+00 
 1.90000000e+00  4.99999514e+00 
 1.91000000e+00  4.99999514e+00 
 1.92000000e+00  4.99999513e+00 
 1.93000000e+00  4.99999511e+00 
 1.94000000e+00  4.99999510e+00 
 1.95000000e+00  4.99999507e+00 
 1.96000000e+00  4.99999502e+00 
 1.97000000e+00  4.99999493e+00 
 1.98000000e+00  4.99999474e+00 
 1.99000000e+00  4.99999432e+00 
 2.00000000e+00  4.99999342e+00 
 2.01000000e+00  4.99999147e+00 
 2.02000000e+00  4.99998725e+00 
 2.03000000e+00  4.99997817e+00 
 2.04000000e+00  4.99995880e+00 
 2.05000000e+00  4.99991809e+00 
 2.06000000e+00  4.99983390e+00 
 2.07000000e+00  4.99966330e+00 
 2.08000000e+00  4.99932505e+00 
 2.09000000e+00  4.99866872e+00 
 2.10000000e+00  4.99741890e+00 
 2.11000000e+00  4.99507658e+00 
 2.12000000e+00  4.99075230e+00 
 2.13000000e+00  4.98289245e+00 
 2.14000000e+00  4.96879364e+00 
 2.15000000e+00  4.94355358e+00 
 2.16000000e+00  4.89704364e+00 
 2.17000000e+00  4.79081807e+00 
 2.18000000e+00  3.58431247e+00 
 2.19000000e+00  3.54572938e+00 
 2.20000000e+00  3.51749378e+00 
 2.21000000e+00  3.49440415e+00 
 2.22000000e+00  3.47504566e+00 
 2.23000000e+00  3.45886601e+00 
 2.24000000e+00  3.44512706e+00 
 2.25000000e+00  3.43324630e+00 
 2.26000000e+00  3.42281319e+00 
 2.27000000e+00  3.41353097e+00 
 2.28000000e+00  3.40518036e+00 
 2.29000000e+00  3.39759646e+00 
 2.30000000e+00  3.39065296e+00 
 2.31000000e+00  3.38425124e+00 
 2.32000000e+00  3.37831303e+00 
 2.33000000e+00  3.37277524e+00 
 2.34000000e+00  3.36758641e+00 
 2.35000000e+00  3.36270403e+00 
 2.36000000e+00  3.35809267e+00 
 2.37000000e+00  3.35372249e+00 
 2.38000000e+00  3.34956820e+00 
 2.39000000e+00  3.34560817e+00 
 2.40000000e+00  3.34182376e+00 
 2.41000000e+00  3.33819885e+00 
 2.42000000e+00  3.33471938e+00 
 2.43000000e+00  3.33137303e+00 
 2.44000000e+00  3.32814896e+00 
 2.45000000e+00  3.32503756e+00 
 2.46000000e+00  3.32203033e+00 
 2.47000000e+00  3.31911965e+00 
 2.48000000e+00  3.31629872e+00 
 2.49000000e+00  3.31356142e+00 
 2.50000000e+00  3.31090224e+00 
 2.51000000e+00  3.30831619e+00 
 2.52000000e+00  3.30579874e+00 
 2.53000000e+00  3.30334578e+00 
 2.54000000e+00  3.30095354e+00 
 2.55000000e+00  3.29861860e+00 
 2.56000000e+00  3.29633780e+00 
 2.57000000e+00  3.29410825e+00 
 2.58000000e+00  3.29192728e+00 
 2.59000000e+00  3.28979242e+00 
 2.60000000e+00  3.28770141e+00 
 2.61000000e+00  3.28565214e+00 
 2.62000000e+00  3.28364264e+00 
 2.63000000e+00  3.28167109e+00 
 2.64000000e+00  3.27973580e+00 
 2.65000000e+00  3.27783519e+00 
 2.66000000e+00  3.27596777e+00 
 2.67000000e+00  3.27413217e+00 
 2.68000000e+00  3.27232707e+00 
 2.69000000e+00  3.27055128e+00 
 2.70000000e+00  3.26880364e+00 
 2.71000000e+00  3.26708308e+00 
 2.72000000e+00  3.26538859e+00 
 2.73000000e+00  3.26371920e+00 
 2.74000000e+00  3.26207403e+00 
 2.75000000e+00  3.26045221e+00 
 2.76000000e+00  3.25885294e+00 
 2.77000000e+00  3.25727546e+00 
 2.78000000e+00  3.25571905e+00 
 2.79000000e+00  3.25418301e+00 
 2.80000000e+00  3.25266671e+00 
 2.81000000e+00  3.25116953e+00 
 2.82000000e+00  3.24969087e+00 
 2.83000000e+00  3.24823019e+00 
 2.84000000e+00  3.24678695e+00 
 2.85000000e+00  3.24536065e+00 
 2.86000000e+00  3.24395081e+00 
 2.87000000e+00  3.24255698e+00 
 2.88000000e+00  3.24117871e+00 
 2.89000000e+00  3.23981561e+00 
 2.90000000e+00  3.23846727e+00 
 2.91000000e+00  3.23713333e+00 
 2.92000000e+00  3.23581344e+00 
 2.93000000e+00  3.23450725e+00 
 2.94000000e+00  3.23321445e+00 
 2.95000000e+00  3.23193475e+00 
 2.96000000e+00  3.23066786e+00 
 2.97000000e+00  3.22941351e+00 
 2.98000000e+00  3.22817147e+00 
 2.99000000e+00  3.22694150e+00 
 3.00000000e+00  3.22572338e+00 
 3.01000000e+00  3.22451692e+00 
 3.02000000e+00  3.22332193e+00 
 3.03000000e+00  3.22213825e+00 
 3.04000000e+00  3.22096572e+00 
 3.05000000e+00  3.21980421e+00 
 3.06000000e+00  3.21865358e+00 
 3.07000000e+00  3.21751371e+00 
 3.08000000e+00  3.21638449e+00 
 3.09000000e+00  3.21526582e+00 
 3.10000000e+00  3.21415759e+00 
 3.11000000e+00  3.21305970e+00 
 3.12000000e+00  3.21197205e+00 
 3.13000000e+00  3.21089455e+00 
 3.14000000e+00  3.20982709e+00 
 3.15000000e+00  3.20876956e+00 
 3.16000000e+00  3.20772186e+00 
 3.17000000e+00  3.20668387e+00 
 3.18000000e+00  3.20565547e+00 
 3.19000000e+00  3.20463655e+00 
 3.20000000e+00  3.20362698e+00 
 3.21000000e+00  3.20262662e+00 
 3.22000000e+00  3.20163536e+00 
 3.23000000e+00  3.20065306e+00 
 3.24000000e+00  3.19967958e+00 
 3.25000000e+00  3.19871479e+00 
 3.26000000e+00  3.19775855e+00 
 3.27000000e+00  3.19681072e+00 
 3.28000000e+00  3.19587116e+00 
 3.29000000e+00  3.19493972e+00 
 3.30000000e+00  3.19401628e+00 
 3.31000000e+00  3.19310068e+00 
 3.32000000e+00  3.19219278e+00 
 3.33000000e+00  3.19129245e+00 
 3.34000000e+00  3.19039953e+00 
 3.35000000e+00  3.18951389e+00 
 3.36000000e+00  3.18863538e+00 
 3.37000000e+00  3.18776387e+00 
 3.38000000e+00  3.18689921e+00 
 3.39000000e+00  3.18604128e+00 
 3.40000000e+00  3.18518992e+00 
 3.41000000e+00  3.18434502e+00 
 3.42000000e+00  3.18350644e+00 
 3.43000000e+00  3.18267406e+00 
 3.44000000e+00  3.18184776e+00 
 3.45000000e+00  3.18102741e+00 
 3.46000000e+00  3.18021291e+00 
 3.47000000e+00  3.17940414e+00 
 3.48000000e+00  3.17860100e+00 
 3.49000000e+00  3.17780340e+00 
 3.50000000e+00  3.17701122e+00 
 3.51000000e+00  3.17622440e+00 
 3.52000000e+00  3.17544283e+00 
 3.53000000e+00  3.17466643e+00 
 3.54000000e+00  3.17389514e+00 
 3.55000000e+00  3.17312887e+00 
 3.56000000e+00  3.17236755e+00 
 3.57000000e+00  3.17161112e+00 
 3.58000000e+00  3.17085951e+00 
 3.59000000e+00  3.17011267e+00 
 3.60000000e+00  3.16937053e+00 
 3.61000000e+00  3.16863304e+00 
 3.62000000e+00  3.16790015e+00 
 3.63000000e+00  3.16717180e+00 
 3.64000000e+00  3.16644796e+00 
 3.65000000e+00  3.16572857e+00 
 3.66000000e+00  3.16501359e+00 
 3.67000000e+00  3.16430297e+00 
 3.68000000e+00  3.16359668e+00 
 3.69000000e+00  3.16289468e+00 
 3.70000000e+00  3.16219693e+00 
 3.71000000e+00  3.16150339e+00 
 3.72000000e+00  3.16081403e+00 
 3.73000000e+00  3.16012883e+00 
 3.74000000e+00  3.15944774e+00 
 3.75000000e+00  3.15877073e+00 
 3.76000000e+00  3.15809779e+00 
 3.77000000e+00  3.15742888e+00 
 3.78000000e+00  3.15676398e+00 
 3.79000000e+00  3.15610306e+00 
 3.80000000e+00  3.15544611e+00 
 3.81000000e+00  3.15479310e+00 
 3.82000000e+00  3.15414401e+00 
 3.83000000e+00  3.15349884e+00 
 3.84000000e+00  3.15285755e+00 
 3.85000000e+00  3.15222014e+00 
 3.86000000e+00  3.15158660e+00 
 3.87000000e+00  3.15095692e+00 
 3.88000000e+00  3.15033108e+00 
 3.89000000e+00  3.14970908e+00 
 3.90000000e+00  3.14909092e+00 
 3.91000000e+00  3.14847659e+00 
 3.92000000e+00  3.14786610e+00 
 3.93000000e+00  3.14725944e+00 
 3.94000000e+00  3.14665662e+00 
 3.95000000e+00  3.14605765e+00 
 3.96000000e+00  3.14546252e+00 
 3.97000000e+00  3.14487127e+00 
 3.98000000e+00  3.14428388e+00 
 3.99000000e+00  3.14370040e+00 
 4.00000000e+00  3.14312082e+00 
 4.01000000e+00  3.14254517e+00 
 4.02000000e+00  3.14197349e+00 
 4.03000000e+00  3.14140578e+00 
 4.04000000e+00  3.14084209e+00 
 4.05000000e+00  3.14028245e+00 
 4.06000000e+00  3.13972689e+00 
 4.07000000e+00  3.13917545e+00 
 4.08000000e+00  3.13862818e+00 
 4.09000000e+00  3.13808512e+00 
 4.10000000e+00  3.13754631e+00 
 4.11000000e+00  3.13701182e+00 
 4.12000000e+00  3.13648169e+00 
 4.13000000e+00  3.13595598e+00 
 4.14000000e+00  3.13543476e+00 
 4.15000000e+00  3.13491809e+00 
 4.16000000e+00  3.13440603e+00 
 4.17000000e+00  3.13389865e+00 
 4.18000000e+00  3.13339602e+00 
 4.19000000e+00  3.13289822e+00 
 4.20000000e+00  3.13240532e+00 
 4.21000000e+00  3.13191739e+00 
 4.22000000e+00  3.13143450e+00 
 4.23000000e+00  3.13095675e+00 
 4.24000000e+00  3.13048418e+00 
 4.25000000e+00  3.13001689e+00 
 4.26000000e+00  3.12955495e+00 
 4.27000000e+00  3.12909841e+00 
 4.28000000e+00  3.12864735e+00 
 4.29000000e+00  3.12820183e+00 
 4.30000000e+00  3.12776191e+00 
 4.31000000e+00  3.12732763e+00 
 4.32000000e+00  3.12689905e+00 
 4.33000000e+00  3.12647620e+00 
 4.34000000e+00  3.12605911e+00 
 4.35000000e+00  3.12564780e+00 
 4.36000000e+00  3.12524229e+00 
 4.37000000e+00  3.12484258e+00 
 4.38000000e+00  3.12444867e+00 
 4.39000000e+00  3.12406054e+00 
 4.40000000e+00  3.12367818e+00 
 4.41000000e+00  3.12330155e+00 
 4.42000000e+00  3.12293062e+00 
 4.43000000e+00  3.12256533e+00 
 4.44000000e+00  3.12220562e+00 
 4.45000000e+00  3.12185145e+00 
 4.46000000e+00  3.12150274e+00 
 4.47000000e+00  3.12115941e+00 
 4.48000000e+00  3.12082139e+00 
 4.49000000e+00  3.12048861e+00 
 4.50000000e+00  3.12016096e+00 
 4.51000000e+00  3.11983837e+00 
 4.52000000e+00  3.11952074e+00 
 4.53000000e+00  3.11920800e+00 
 4.54000000e+00  3.11890004e+00 
 4.55000000e+00  3.11859679e+00 
 4.56000000e+00  3.11829814e+00 
 4.57000000e+00  3.11800402e+00 
 4.58000000e+00  3.11771433e+00 
 4.59000000e+00  3.11742900e+00 
 4.60000000e+00  3.11714793e+00 
 4.61000000e+00  3.11687105e+00 
 4.62000000e+00  3.11659829e+00 
 4.63000000e+00  3.11632956e+00 
 4.64000000e+00  3.11606479e+00 
 4.65000000e+00  3.11580391e+00 
 4.66000000e+00  3.11554685e+00 
 4.67000000e+00  3.11529355e+00 
 4.68000000e+00  3.11504393e+00 
 4.69000000e+00  3.11479794e+00 
 4.70000000e+00  3.11455552e+00 
 4.71000000e+00  3.11431661e+00 
 4.72000000e+00  3.11408116e+00 
 4.73000000e+00  3.11384910e+00 
 4.74000000e+00  3.11362040e+00 
 4.75000000e+00  3.11339499e+00 
 4.76000000e+00  3.11317283e+00 
 4.77000000e+00  3.11295388e+00 
 4.78000000e+00  3.11273809e+00 
 4.79000000e+00  3.11252541e+00 
 4.80000000e+00  3.11231581e+00 
 4.81000000e+00  3.11210923e+00 
 4.82000000e+00  3.11190565e+00 
 4.83000000e+00  3.11170503e+00 
 4.84000000e+00  3.11150732e+00 
 4.85000000e+00  3.11131249e+00 
 4.86000000e+00  3.11112051e+00 
 4.87000000e+00  3.11093134e+00 
 4.88000000e+00  3.11074495e+00 
 4.89000000e+00  3.11056130e+00 
 4.90000000e+00  3.11038037e+00 
 4.91000000e+00  3.11020213e+00 
 4.92000000e+00  3.11002654e+00 
 4.93000000e+00  3.10985357e+00 
 4.94000000e+00  3.10968320e+00 
 4.95000000e+00  3.10951540e+00 
 4.96000000e+00  3.10935013e+00 
 4.97000000e+00  3.10918739e+00 
 4.98000000e+00  3.10902713e+00 
 4.99000000e+00  3.10886933e+00 
 5.00000000e+00  3.10871397e+00 
